3.19417627603756 -1.2578761693124 -0.705766322654532 4.60829005093475 -4.00755745545731 1.52180860052763 0.741334888878404 -3.07423507478085 1.19047369091307 1.87179948991497
2.52857806084855 -1.20638180509252 -0.732345285566498 -0.823117917712894 1.55878022765075 0.898255397398417 0.313856415869603 0.0779180275847193 -6.98283555789681 0.142528832247699
2.48512677383963 -2.72308235428704 -0.943958776939313 0.470936689392731 -2.62329379913727 5.9526218704416 -2.24853825913039 2.33609552894571 -0.152964944177535 4.85592276750092
-1.76292041278472 -0.710090224652643 1.53841660352207 4.57704017214657 9.155922718609 1.99078690020897 0.201985344029586 -0.396492234556869 -2.23770984029546 -1.55779783540045
-2.19404969490785 1.99467307379051 -2.14550310751739 -1.96819101268099 -2.91692274543529 -1.33623711672302 -1.29981544993962 -2.71582806980848 -0.521696837962138 3.22143786578781
3.83051566467249 -3.16305466526157 -1.55355838035921 4.12278521427113 -4.02299739510309 0.123802984611948 5.36313067508494 2.37729493376604 -0.348959946311527 2.41442831396834
1.81251721500955 0.948919800924067 4.25457212081897 -2.78512104052078 1.56075221234192 -3.17819695365492 0.272776638842818 -0.86475443917949 -0.533879002723949 -0.383130137257922
-1.20255866433428 -0.624385399570373 3.74093422973806 -0.973463239411979 2.77361056029678 0.926406216870093 -5.73042819609847 4.10999069565656 -3.47965540720382 -2.2789842793477
2.93701496656755 2.15269274137057 6.30536589664297 -1.80450163628023 -4.11258245122205 2.81901830981942 0.608713761633138 2.53963173546861 -3.78751177244084 -3.40798955129138
0.113981222610081 -0.0898874266411885 -1.08592706758668 2.01933896916519 -0.831447110953043 -0.0299477859200207 -2.92674098055812 0.685465784220731 -1.12352689058957 -1.28154390264796
1.78872667983813 -6.42080525391843 -2.44498561891964 -1.27927365568441 -0.58802504624099 -0.927477626283671 3.80657122837413 6.85194195752601 -5.63200762952499 -0.225495076083882
3.26071961098671 5.04665476752598 1.90329069126476 -2.95354329846409 -1.16621829857348 1.77806911726345 2.11806239962054 3.19230467857396 1.64163056154892 -2.49576462257902
-1.22876582457903 1.78517788316145 -0.0581891483022355 2.23764594370913 0.147325338831239 1.98112468008436 -1.96534113916582 -4.08837146844385 0.428797812526372 -0.788146215161989
-2.31849675911056 -1.12804431285458 1.235224658786 -1.76640939607233 -2.00241175809842 0.624948114499057 3.55716027222437 0.538010356328293 -0.323488770628976 -4.63864381837882
2.65031003645868 6.87097562853841 -3.33949602603648 -1.80665942266405 0.866317868506732 0.315469689719635 2.91929040664352 6.32216295147762 1.5379543774329 -2.2572701290467
-7.62690447525908 -0.574061917562229 0.279777872333867 -3.26468545797849 0.483895028500919 -1.13742178163686 -1.76206623381334 -2.32759975256373 1.71736506968567 7.26692885909713
0.670677786883244 -1.47065799807601 0.109731079618218 -0.283603653398425 -1.5355341280223 -2.82525726238972 2.09000569179651 3.55879722414737 -0.158002589749526 -2.20936870846734
-0.79597699257218 -0.477994721023843 0.306070332118482 6.2073621823374 -1.10888446370851 2.26814859076337 0.69354568979685 3.57593729806826 -5.70776476628472 -2.38095434686347
0.559335428430937 -2.88361234131261 0.164082119216905 2.3929265865837 0.272196718583639 2.36887726875225 0.699913023063884 -2.34295881073502 -0.564475744608258 5.21824071503588
1.86287825425935 -0.452759225317313 -3.1694789661097 3.38873673936419 1.35804513011412 1.67698601242097 -4.96220555041285 -1.90986558530794 3.44015889415882 -2.44655414856952
-5.77908825394356 0.204129041042328 1.53671636513169 -0.162399290027649 -3.43296405977978 -2.73450157284846 -4.06799708467497 4.62131727686642 2.09920653876172 3.98375843754063
-0.160309456027779 -1.82276511558691 3.18615673039783 -8.23220080910555 1.86587198821148 3.93534577521216 -3.32181519888354 -0.738264812978358 2.86454793040401 1.02767682302559
-0.773698412789015 -3.35871239945686 -1.79631064293882 2.78175692270803 6.14771628043687 0.288312490258127 -0.722684756076829 -5.63552874698463 7.07999077400116 0.402879989748284
-1.53490238943835 -3.08984441794779 3.37201089565789 2.73991402877653 2.96442024934713 -0.394634258501778 1.28818282587162 -1.66098690732556 -0.978509934291621 -1.19960825974676
0.379568348812399 2.51852292985255 6.07565590741278 -3.21597319978142 -1.68376067935605 -2.96493727284165 -5.13488092649761 -5.76973237169599 -3.29281016554663 5.14712619354769
-0.0267155498099988 0.337299862946747 1.73009334193103 -0.539260826720622 0.506721133505085 0.499743928196515 1.48997359043777 2.65845354379816 1.3762199052542 2.10656689491248
0.35582814036315 3.0049276708015 -7.01206623057077 2.31895449543156 2.39412413851917 -5.9314355903335 4.53104980587498 -0.0268113462259819 -0.155178168961686 -3.01876883530105
-3.0574371208152 0.0228359288140965 5.2306096608247 2.64185326003784 0.804671312647459 -1.27731148006571 1.46474857748846 0.595587449402287 -3.11806801731054 0.103515445082006
-2.45900617120947 0.900424957750878 -0.434044563697934 -0.954109105241893 -0.0608732711558947 0.442894943339651 -1.13086523231768 0.416105166041636 -2.40812907240048 2.15751415040089
0.125441306678252 -1.79371367263969 -2.22303588064793 -0.0249698225730506 -2.23384255942614 -1.2066910627107 -1.56839551937777 3.8806133000546 0.158143012894221 0.150209469920165
0.679081850978924 0.707945421197021 -2.63169244723124 5.0257460513221 -6.89039728216893 -1.10751868857231 1.78139159901412 2.42396854884136 -6.41757294579028 6.32140491079172
-7.55463602864973 -1.46584042405248 1.8860785598542 3.93103008593369 -0.14725908189161 0.278855688779383 -0.600182150891934 -3.06426023980271 0.639017030678576 2.71971261677644
-2.03110983380397 0.155728068130151 2.67285754312776 3.67237089739585 5.67198122989865 -0.889629426260463 4.2268763408168 -0.941708983024351 1.93971146792235 -3.66525702641888
0.868822227154729 2.16034813822839 1.17564766065009 -2.7716512000198 1.97061899535171 -3.18160496852845 3.7989867751843 2.8171071710724 -1.9229934398487 -3.57429160719376
0.065177572559556 0.703196782480709 -0.279292037842502 -0.0382585971534661 2.09244287907297 1.68282245982766 1.35031703445791 -1.02156226820824 2.52952688701924 -2.70558128382138
-1.41140992559528 -0.956124247750121 3.0966202175793 1.60031133373776 1.26745510107074 -0.392783892634101 0.788978937771216 -1.2966936788089 4.79431193895226 4.39381837537839
-2.1642426609679 0.629689742487406 -3.8137094354175 -0.00753672556374769 4.963332195471 5.2109615221893 -4.62544729368332 -1.19169226178281 4.1529026237032 0.381635114267056
3.46059854627999 -2.08853473314474 -3.07027525582013 -3.58694218388845 -5.33644310052787 -3.89348787377845 0.391917270555246 -0.904409932429501 -1.15311499301953 0.999866870135484
2.6094109505576 0.475903451053826 -1.48189185611771 -0.280183090636344 -1.94914989654614 4.53675950605285 -2.54945954939947 -0.289190131963001 2.62867677740483 -0.568908508275906
2.93631476808403 1.75993203378514 4.25782113297289 -1.28064462046362 -1.19041597016661 1.10816774141029 -0.45836945988354 5.13590629701904 -0.134122990606193 -0.745756835466327
1.88363382225481 1.31502028928197 -5.19310145202087 0.572628279093367 2.01319746729111 2.39171584865659 -2.01919782383829 -2.40190103183687 -0.325475880699766 0.699345264125474
-2.01442693781293 4.16903694411341 4.50716583489471 3.52709268101933 -4.02420248491812 3.70159883968271 -1.43723603985299 -4.31842493163159 0.84006172213539 1.15093812473517
-0.300471879218985 0.0703428729434662 0.25757400209635 -3.35855489094408 -4.61443532846014 1.17916449438143 1.58631346142657 5.46290855269111 -1.6040432158711 3.08549424679532
-5.67415202000603 1.98371069726004 8.06187885768078 3.23093016727089 -1.35399919251476 -2.2065713601809 -7.6747978648634 1.19504578058647 1.68077437846074 6.06871540817404
1.42464804519804 1.40953736185737 -2.45111846195778 -0.803638881279047 5.67418214227919 -1.89612401044178 -0.654328621418172 -0.611074971093794 0.141839063891277 2.44347118550498
0.200743038921117 4.6054669913762 -0.829735741814859 1.67157671237989 -0.0228783555256654 -3.09508018237925 -4.80468206461972 1.37377513029355 -0.210228442435638 0.993544100282608
0.0578510315363921 7.4458628271929 0.671063298786712 -2.99481921972478 -5.27474025356126 -2.08154536279448 2.17726433325956 1.17625539317353 3.65144670733883 -0.601079037302353
0.555930422715054 3.23977758660497 0.436468587823182 0.623684264612725 3.53996868075646 2.31469801573262 -1.76799233355663 1.59505771363127 3.6668720349535 4.66459410874262
2.77056061680087 3.6472363034862 3.23159184828127 5.54771685557451 3.49238968283878 0.50011387044099 -2.8060143616616 -5.43719141905974 -1.07585231402981 0.240010661045728
-0.0577811971650604 2.88173335561906 0.812811896512442 -4.36573329111195 1.07668782366974 0.59788432222546 -0.611825103281186 2.26435962212933 1.02667204633413 2.78060902889421
0.677099241824644 4.65716364442648 -2.17315698543769 -1.04688923711912 0.150377681847254 -1.05964031259217 1.36534552528985 -4.3630886488215 -5.62132947712147 -3.78782172330764
0.477011280316352 -0.773178565499609 0.848257738539757 5.46844823829656 -4.79684426500024 -0.503032606560386 4.63479779928739 1.97278405428875 -1.93495303269153 -4.41215110193822
1.01219068572967 0.593816700728456 -3.55306061709349 -2.33484658187154 -1.13479032579952 -3.25019407847599 -2.65272172670546 -4.39522601320261 6.16772320690931 4.37595892504712
3.11410789931515 0.475541706582541 -5.8396410225907 -5.90957469579321 1.18362821212171 0.478310057741203 0.725152102373829 0.786829764566858 -0.801655228150721 3.68540845582282
6.64454770047797 1.08189943372703 2.00991890063744 -1.03196857177556 -0.192702718525589 -1.41841366544746 -0.245217832444061 0.0611123606657372 2.29738998796227 5.66640161430352
0.674716840374897 5.24303064248836 -1.59401030419272 -2.01003861981856 -3.02835987568512 -4.56870112940974 -1.02375904406955 6.52682977166335 -1.97072086191133 0.74146180765107
-0.764750313024308 -2.26934723150059 -5.5408495640804 2.15817814248959 -0.296399565215509 -3.95508115678427 -0.0706643770496388 0.57740984411774 1.41699936925537 1.34417184679113
0.337488003895655 0.071998097570576 -1.84787455091124 -2.18436714280144 -2.93102386795475 -1.8686604963788 -0.953200595050837 -1.52359086984045 1.64720230986418 -2.12774481956069
1.55488333942781 1.4705276297494 -3.13469890921657 1.54425172531128 -3.95380077033314 -2.83110542344334 -0.818659150805199 -2.5285072034364 0.765588196367432 2.94433535891767
2.86287084704719 3.15490231703165 2.67358683191958 -0.626417354421068 0.717684716207008 4.02021069587339 3.23404785929081 -3.09557834472503 1.68775215984916 1.4932270886608
