-7.79072983630865
-2.35503415729791
1.10301415112306
5.49267998920122
-21.6068666129239
0.249893830882787
18.6480364384964
27.223118531296
35.8740627217853
-7.05684615701283
4.00504253757684
9.61910656026147
-9.82148763656725
10.0521004551656
-13.1473449804404
1.00727471551631
14.2999183453683
13.0611952170755
0.933252918590104
-19.5352584909094
14.7144423588217
14.1952482377348
-16.339077987124
13.7303778074423
14.3525910081318
8.39300459044079
-40.0728855367931
32.6717337724906
1.9949853508799
-1.8073139424028
-8.70838490028871
6.9745944866832
7.0260967077971
7.30657657651682
-6.74575158753408
13.2116624363288
-18.7166599567902
-18.596183006613
-7.47738478787144
29.9456162115511
-32.8531901012503
8.13653350050409
10.4713559403877
43.1291182545014
-11.4797001546547
0.855761162826751
-1.40895093840663
3.44098891897061
-0.93437867984909
9.11099752248014
-24.836915627402
12.6408345304434
-24.9537763009412
-26.6006706502186
10.502251979078
-0.571424164955146
-24.5489383428454
-10.6728659466158
-16.9319224574
7.37476998073713
