    0.1419574280102338E+00   -0.8701189881868935E+00    0.4994802592851714E+01    0.0000000000000000E+00    0.0000000000000000E+00    0.0000000000000000E+00    0.0000000000000000E+00    0.0000000000000000E+00    0.0000000000000000E+00    0.0000000000000000E+00
    0.1419574279179428E+00   -0.8701189881624906E+00    0.4994802593175312E+01    0.0000000000000000E+00    0.0000000000000000E+00    0.0000000000000000E+00    0.0000000000000000E+00    0.0000000000000000E+00    0.0000000000000000E+00    0.0000000000000000E+00
    0.1419574314129686E+00   -0.8701189891980627E+00    0.4994802583893816E+01    0.0000000000000000E+00    0.0000000000000000E+00    0.0000000000000000E+00    0.0000000000000000E+00    0.0000000000000000E+00    0.0000000000000000E+00    0.0000000000000000E+00
    0.1419574168184015E+00   -0.8701189848698067E+00    0.4994802617990131E+01    0.0000000000000000E+00    0.0000000000000000E+00    0.0000000000000000E+00    0.0000000000000000E+00    0.0000000000000000E+00    0.0000000000000000E+00    0.0000000000000000E+00
    0.1419574168395294E+00   -0.8701189848758635E+00    0.4994802617944531E+01    0.0000000000000000E+00    0.0000000000000000E+00    0.0000000000000000E+00    0.0000000000000000E+00    0.0000000000000000E+00    0.0000000000000000E+00    0.0000000000000000E+00
    0.1419574168405133E+00   -0.8701189848761456E+00    0.4994802617942407E+01    0.0000000000000000E+00    0.0000000000000000E+00    0.0000000000000000E+00    0.0000000000000000E+00    0.1692173134678623E-04    0.0000000000000000E+00    0.0000000000000000E+00
    0.1419574168240743E+00   -0.8701189848785642E+00    0.4994802617944118E+01    0.0000000000000000E+00    0.0000000000000000E+00    0.0000000000000000E+00    0.0000000000000000E+00    0.4006564577909541E-05    0.0000000000000000E+00    0.0000000000000000E+00
    0.1419574168237792E+00   -0.8701189848786109E+00    0.4994802617944133E+01    0.0000000000000000E+00    0.0000000000000000E+00    0.0000000000000000E+00    0.0000000000000000E+00    0.1395509537992009E-05    0.0000000000000000E+00    0.0000000000000000E+00
    0.1419574168217149E+00   -0.8701189848789992E+00    0.4994802617943948E+01    0.0000000000000000E+00    0.0000000000000000E+00    0.0000000000000000E+00    0.0000000000000000E+00   -0.2428063971580723E-06    0.0000000000000000E+00    0.0000000000000000E+00
    0.1419574168217186E+00   -0.8701189848789992E+00    0.4994802617943945E+01    0.0000000000000000E+00    0.0000000000000000E+00    0.0000000000000000E+00    0.0000000000000000E+00    0.1544133371129071E-06    0.0000000000000000E+00    0.0000000000000000E+00
    0.1419574168215371E+00   -0.8701189848794487E+00    0.4994802617941961E+01    0.0000000000000000E+00    0.0000000000000000E+00    0.0000000000000000E+00    0.0000000000000000E+00    0.3197361120770508E-04    0.0000000000000000E+00    0.0000000000000000E+00
    0.1419574167903624E+00   -0.8701189848839861E+00    0.4994802617945438E+01    0.0000000000000000E+00    0.0000000000000000E+00    0.0000000000000000E+00    0.0000000000000000E+00    0.1082072935221505E-04    0.0000000000000000E+00    0.0000000000000000E+00
    0.1413486182912360E+00   -0.8702097118701262E+00    0.4994860472255026E+01    0.0000000000000000E+00    0.0000000000000000E+00    0.0000000000000000E+00    0.0000000000000000E+00    0.3216618604552372E-06    0.0000000000000000E+00    0.0000000000000000E+00
    0.1413486183369946E+00   -0.8702097118587589E+00    0.4994860472237654E+01    0.0000000000000000E+00    0.0000000000000000E+00    0.0000000000000000E+00    0.0000000000000000E+00    0.1069639603358870E-06    0.0000000000000000E+00    0.0000000000000000E+00
    0.1419235984007586E+00   -0.8700668796801975E+00    0.4994642184203078E+01    0.0000000000000000E+00    0.0000000000000000E+00    0.0000000000000000E+00    0.0000000000000000E+00    0.3241133494315499E-08    0.0000000000000000E+00    0.0000000000000000E+00
    0.1419235967793823E+00   -0.8700668823853559E+00    0.4994642203278006E+01    0.0000000000000000E+00    0.0000000000000000E+00    0.0000000000000000E+00    0.0000000000000000E+00    0.7532391884090725E-04    0.0000000000000000E+00    0.0000000000000000E+00
    0.1419235942103844E+00   -0.8700668852268093E+00    0.4994642222464154E+01    0.0000000000000000E+00    0.0000000000000000E+00    0.0000000000000000E+00    0.0000000000000000E+00    0.0000000000000000E+00    0.0000000000000000E+00    0.0000000000000000E+00
    0.1419235941940595E+00   -0.8700668852540696E+00    0.4994642222656336E+01    0.0000000000000000E+00    0.0000000000000000E+00    0.0000000000000000E+00    0.0000000000000000E+00    0.7590883286509515E-06    0.0000000000000000E+00    0.0000000000000000E+00
    0.1419235941776384E+00   -0.8700668852813438E+00    0.4994642222848529E+01    0.0000000000000000E+00    0.0000000000000000E+00    0.0000000000000000E+00    0.0000000000000000E+00    0.0000000000000000E+00    0.0000000000000000E+00    0.0000000000000000E+00
    0.1419235941774739E+00   -0.8700668852816185E+00    0.4994642222850466E+01    0.0000000000000000E+00    0.0000000000000000E+00    0.0000000000000000E+00    0.0000000000000000E+00    0.7649861413403189E-08    0.0000000000000000E+00    0.0000000000000000E+00
    0.1419235925574929E+00   -0.8700668879866489E+00    0.4994642241920405E+01    0.0000000000000000E+00    0.0000000000000000E+00    0.0000000000000000E+00    0.0000000000000000E+00    0.9493330214295544E-04    0.0000000000000000E+00    0.0000000000000000E+00
    0.1409336727204726E+00   -0.8710787700741569E+00    0.5001399317064432E+01    0.0000000000000000E+00    0.0000000000000000E+00    0.0000000000000000E+00    0.0000000000000000E+00    0.7383798208960909E-05    0.0000000000000000E+00    0.0000000000000000E+00
    0.1425606450461465E+00   -0.8709200993828313E+00    0.4996316571753608E+01    0.0000000000000000E+00    0.0000000000000000E+00    0.0000000000000000E+00    0.0000000000000000E+00    0.9566536148733242E-06    0.0000000000000000E+00    0.0000000000000000E+00
    0.1424878166676207E+00   -0.8704141040220067E+00    0.4994650618095853E+01    0.0000000000000000E+00    0.0000000000000000E+00    0.0000000000000000E+00    0.0000000000000000E+00    0.7438741551449407E-07    0.0000000000000000E+00    0.0000000000000000E+00
    0.1421958897462431E+00   -0.8702750129689603E+00    0.4994866403149952E+01    0.0000000000000000E+00    0.0000000000000000E+00    0.0000000000000000E+00    0.0000000000000000E+00    0.0000000000000000E+00    0.0000000000000000E+00    0.0000000000000000E+00
    0.1421958712106786E+00   -0.8702750016844659E+00    0.4994866402915851E+01    0.0000000000000000E+00    0.0000000000000000E+00    0.0000000000000000E+00    0.0000000000000000E+00    0.1122992647011797E-03    0.0000000000000000E+00    0.0000000000000000E+00
    0.1305019849713851E+00   -0.8637794371318688E+00    0.4994828136061238E+01    0.0000000000000000E+00    0.0000000000000000E+00    0.0000000000000000E+00    0.0000000000000000E+00    0.1457153415165759E-04    0.0000000000000000E+00    0.0000000000000000E+00
    0.1401810217089410E+00   -0.8683940856734638E+00    0.4991170427635676E+01    0.0000000000000000E+00    0.0000000000000000E+00    0.0000000000000000E+00    0.0000000000000000E+00    0.1131882967154308E-05    0.0000000000000000E+00    0.0000000000000000E+00
    0.1406742211458987E+00   -0.8693909202276998E+00    0.4995105046621366E+01    0.0000000000000000E+00    0.0000000000000000E+00    0.0000000000000000E+00    0.0000000000000000E+00    0.1466940351640436E-06    0.0000000000000000E+00    0.0000000000000000E+00
    0.1418331500422950E+00   -0.8699575322372900E+00    0.4994315619729809E+01    0.0000000000000000E+00    0.0000000000000000E+00    0.0000000000000000E+00    0.0000000000000000E+00    0.1140542948260457E-07    0.0000000000000000E+00    0.0000000000000000E+00
    0.1418331470656479E+00   -0.8699575405192240E+00    0.4994315677042054E+01    0.0000000000000000E+00    0.0000000000000000E+00    0.0000000000000000E+00    0.0000000000000000E+00    0.1276943849534314E-03    0.0000000000000000E+00    0.0000000000000000E+00
    0.1408661331017423E+00   -0.8717541227229506E+00    0.5006449926717028E+01    0.0000000000000000E+00    0.0000000000000000E+00    0.0000000000000000E+00    0.0000000000000000E+00    0.1655301313211477E-04    0.0000000000000000E+00    0.0000000000000000E+00
    0.1433460824077327E+00   -0.8715532149773892E+00    0.4997581466144037E+01    0.0000000000000000E+00    0.0000000000000000E+00    0.0000000000000000E+00    0.0000000000000000E+00    0.1286709087823771E-05    0.0000000000000000E+00    0.0000000000000000E+00
    0.1429540844467347E+00   -0.8706881615815188E+00    0.4994591461437757E+01    0.0000000000000000E+00    0.0000000000000000E+00    0.0000000000000000E+00    0.0000000000000000E+00    0.1667560045978405E-06    0.0000000000000000E+00    0.0000000000000000E+00
    0.1420603856153301E+00   -0.8702473164444415E+00    0.4995175034116392E+01    0.0000000000000000E+00    0.0000000000000000E+00    0.0000000000000000E+00    0.0000000000000000E+00    0.1296809804286551E-07    0.0000000000000000E+00    0.0000000000000000E+00
    0.1420603882871524E+00   -0.8702473052756388E+00    0.4995174961494100E+01    0.0000000000000000E+00    0.0000000000000000E+00    0.0000000000000000E+00    0.0000000000000000E+00    0.2355352021267461E-03    0.0000000000000000E+00    0.0000000000000000E+00
    0.1412604541022675E+00   -0.8665689203432076E+00    0.4969845176112269E+01    0.0000000000000000E+00    0.0000000000000000E+00    0.0000000000000000E+00    0.0000000000000000E+00    0.1831062937857678E-04    0.0000000000000000E+00    0.0000000000000000E+00
    0.1375861565443888E+00   -0.8668294425663949E+00    0.4988380759361299E+01    0.0000000000000000E+00    0.0000000000000000E+00    0.0000000000000000E+00    0.0000000000000000E+00    0.2374312362511474E-05    0.0000000000000000E+00    0.0000000000000000E+00
    0.1395448167647270E+00   -0.8686804872334355E+00    0.4994996752088361E+01    0.0000000000000000E+00    0.0000000000000000E+00    0.0000000000000000E+00    0.0000000000000000E+00    0.1846117395633266E-06    0.0000000000000000E+00    0.0000000000000000E+00
    0.1416207040535654E+00   -0.8697685188748921E+00    0.4993976925929725E+01    0.0000000000000000E+00    0.0000000000000000E+00    0.0000000000000000E+00    0.0000000000000000E+00    0.2392133042887668E-07    0.0000000000000000E+00    0.0000000000000000E+00
    0.1416207135274581E+00   -0.8697685519549224E+00    0.4993977081003567E+01    0.0000000000000000E+00    0.0000000000000000E+00    0.0000000000000000E+00    0.0000000000000000E+00    0.2556694003836820E-03    0.0000000000000000E+00    0.0000000000000000E+00
    0.1424893508606518E+00   -0.8769121513550789E+00    0.5026832680072454E+01    0.0000000000000000E+00    0.0000000000000000E+00    0.0000000000000000E+00    0.0000000000000000E+00    0.1988720214706498E-04    0.0000000000000000E+00    0.0000000000000000E+00
    0.1475429677515873E+00   -0.8753171607733848E+00    0.5003137855756615E+01    0.0000000000000000E+00    0.0000000000000000E+00    0.0000000000000000E+00    0.0000000000000000E+00    0.2575663557522346E-05    0.0000000000000000E+00    0.0000000000000000E+00
    0.1451797676379050E+00   -0.8720490308780103E+00    0.4994631011065646E+01    0.0000000000000000E+00    0.0000000000000000E+00    0.0000000000000000E+00    0.0000000000000000E+00    0.2002979624190274E-06    0.0000000000000000E+00    0.0000000000000000E+00
    0.1424304435097474E+00   -0.8705974917727075E+00    0.4995883475324856E+01    0.0000000000000000E+00    0.0000000000000000E+00    0.0000000000000000E+00    0.0000000000000000E+00    0.2596435014169219E-07    0.0000000000000000E+00    0.0000000000000000E+00
    0.1424304265362165E+00   -0.8705974459797789E+00    0.4995883274078284E+01    0.0000000000000000E+00    0.0000000000000000E+00    0.0000000000000000E+00    0.0000000000000000E+00    0.2734915325535766E-03    0.0000000000000000E+00    0.0000000000000000E+00
    0.1376356428557691E+00   -0.8611080363236389E+00    0.4953566678008683E+01    0.0000000000000000E+00    0.0000000000000000E+00    0.0000000000000000E+00    0.0000000000000000E+00    0.3543911355317494E-04    0.0000000000000000E+00    0.0000000000000000E+00
    0.1330808666852018E+00   -0.8630738131661844E+00    0.4983497678937729E+01    0.0000000000000000E+00    0.0000000000000000E+00    0.0000000000000000E+00    0.0000000000000000E+00    0.2757527206335655E-05    0.0000000000000000E+00    0.0000000000000000E+00
    0.1374620904531540E+00   -0.8673616532995825E+00    0.4994703919784576E+01    0.0000000000000000E+00    0.0000000000000000E+00    0.0000000000000000E+00    0.0000000000000000E+00    0.3573091662281019E-06    0.0000000000000000E+00    0.0000000000000000E+00
    0.1412042142094433E+00   -0.8694089667295976E+00    0.4993375654645463E+01    0.0000000000000000E+00    0.0000000000000000E+00    0.0000000000000000E+00    0.0000000000000000E+00    0.2777667400759395E-07    0.0000000000000000E+00    0.0000000000000000E+00
    0.1412042548928057E+00   -0.8694090370600401E+00    0.4993375913292853E+01    0.0000000000000000E+00    0.0000000000000000E+00    0.0000000000000000E+00    0.0000000000000000E+00    0.2893043121058660E-03    0.0000000000000000E+00    0.0000000000000000E+00
    0.1276965394663338E+00   -0.8702795738989874E+00    0.4993169643950955E+01    0.0000000000000000E+00    0.0000000000000000E+00    0.0000000000000000E+00    0.0000000000000000E+00    0.1015745845503137E+00    0.0000000000000000E+00    0.0000000000000000E+00
    0.1275990100572140E+00   -0.8702247791651584E+00    0.4993116048375851E+01    0.0000000000000000E+00    0.0000000000000000E+00    0.0000000000000000E+00    0.0000000000000000E+00    0.1015626121650898E+00    0.0000000000000000E+00    0.0000000000000000E+00
    0.1275715638118235E+00   -0.8702038531801610E+00    0.4993098882392961E+01    0.0000000000000000E+00    0.0000000000000000E+00    0.0000000000000000E+00    0.0000000000000000E+00    0.1015759507487627E+00    0.0000000000000000E+00    0.0000000000000000E+00
    0.1275606439454720E+00   -0.8701976024102316E+00    0.4993094233122728E+01    0.0000000000000000E+00    0.0000000000000000E+00    0.0000000000000000E+00    0.0000000000000000E+00    0.1015753590272674E+00    0.0000000000000000E+00    0.0000000000000000E+00
    0.1252611085967373E+00   -0.8705073467298743E+00    0.4993309069775249E+01    0.0000000000000000E+00    0.0000000000000000E+00    0.0000000000000000E+00    0.0000000000000000E+00    0.2030784299205732E+00    0.0000000000000000E+00    0.0000000000000000E+00
    0.9742561603442737E-01   -0.8704350154168083E+00    0.4989571326182181E+01    0.0000000000000000E+00    0.0000000000000000E+00    0.0000000000000000E+00    0.0000000000000000E+00    0.3148018932742060E+00    0.0000000000000000E+00    0.0000000000000000E+00
    0.9736245015435240E-01   -0.8703778266229762E+00    0.4989514631948618E+01    0.0000000000000000E+00    0.0000000000000000E+00    0.0000000000000000E+00    0.0000000000000000E+00    0.3148560498038750E+00    0.0000000000000000E+00    0.0000000000000000E+00
    0.9732905152461850E-01   -0.8703612517328045E+00    0.4989507761003336E+01    0.0000000000000000E+00    0.0000000000000000E+00    0.0000000000000000E+00    0.0000000000000000E+00    0.3148483517430390E+00    0.0000000000000000E+00    0.0000000000000000E+00
    0.9732326501257907E-01   -0.8703554640634203E+00    0.4989499078244584E+01    0.0000000000000000E+00    0.0000000000000000E+00    0.0000000000000000E+00    0.0000000000000000E+00    0.3148540371733001E+00    0.0000000000000000E+00    0.0000000000000000E+00
    0.9731723777622350E-01   -0.8703566638468522E+00    0.4989499730102758E+01    0.0000000000000000E+00   -0.7628178798025921E-05    0.0000000000000000E+00    0.0000000000000000E+00    0.3211370696585576E+00    0.0000000000000000E+00    0.0000000000000000E+00
    0.7065526765347450E-01   -0.8705946664617028E+00    0.4986410571522676E+01    0.0000000000000000E+00    0.0000000000000000E+00    0.0000000000000000E+00    0.0000000000000000E+00    0.5037106287962575E+00    0.0000000000000000E+00    0.0000000000000000E+00
    0.7058828660390322E-01   -0.8705233283964655E+00    0.4986331597833596E+01    0.0000000000000000E+00    0.0000000000000000E+00    0.0000000000000000E+00    0.0000000000000000E+00    0.5037962756773852E+00    0.0000000000000000E+00    0.0000000000000000E+00
    0.7054340829166932E-01   -0.8705033336353231E+00    0.4986328461807654E+01    0.0000000000000000E+00    0.0000000000000000E+00    0.0000000000000000E+00    0.0000000000000000E+00    0.5037805205304379E+00    0.0000000000000000E+00    0.0000000000000000E+00
    0.7053810486928785E-01   -0.8704963129125272E+00    0.4986315377179343E+01    0.0000000000000000E+00    0.0000000000000000E+00    0.0000000000000000E+00    0.0000000000000000E+00    0.5037896568555386E+00    0.0000000000000000E+00    0.0000000000000000E+00
    0.4690965744466859E-01   -0.8707055750869187E+00    0.4983578484220320E+01    0.0000000000000000E+00    0.0000000000000000E+00    0.0000000000000000E+00    0.0000000000000000E+00    0.6710922889579513E+00    0.0000000000000000E+00    0.0000000000000000E+00
    0.4685135547789587E-01   -0.8706435911267678E+00    0.4983509514656466E+01    0.0000000000000000E+00    0.0000000000000000E+00    0.0000000000000000E+00    0.0000000000000000E+00    0.6711664251330339E+00    0.0000000000000000E+00    0.0000000000000000E+00
    0.4681229696190793E-01   -0.8706261630781427E+00    0.4983506850752960E+01    0.0000000000000000E+00    0.0000000000000000E+00    0.0000000000000000E+00    0.0000000000000000E+00    0.6711528142509829E+00    0.0000000000000000E+00    0.0000000000000000E+00
    0.4680768262519273E-01   -0.8706200598104140E+00    0.4983495444473188E+01    0.0000000000000000E+00    0.0000000000000000E+00    0.0000000000000000E+00    0.0000000000000000E+00    0.6711607407631200E+00    0.0000000000000000E+00    0.0000000000000000E+00
    0.4680468656477665E-01   -0.8706188029515362E+00    0.4983496187021056E+01    0.0000000000000000E+00    0.0000000000000000E+00    0.0000000000000000E+00    0.0000000000000000E+00    0.6711597168265064E+00    0.0000000000000000E+00    0.0000000000000000E+00
    0.4670879031964922E-01   -0.8706394820125293E+00    0.4983505896796196E+01    0.0000000000000000E+00   -0.3529592914612730E-04    0.0000000000000000E+00    0.0000000000000000E+00    0.7812571081703265E+00    0.0000000000000000E+00    0.0000000000000000E+00
    0.4670849276373934E-01   -0.8706395244857044E+00    0.4983505931922804E+01    0.0000000000000000E+00   -0.1430853792986507E-04    0.0000000000000000E+00    0.0000000000000000E+00    0.7812581004736100E+00    0.0000000000000000E+00    0.0000000000000000E+00
    0.4670766641006154E-01   -0.8706396423474562E+00    0.4983506029483050E+01    0.0000000000000000E+00    0.0000000000000000E+00    0.0000000000000000E+00    0.0000000000000000E+00    0.7812608572017503E+00    0.0000000000000000E+00    0.0000000000000000E+00
    0.4670762786271456E-01   -0.8706396478423242E+00    0.4983506034033786E+01    0.0000000000000000E+00   -0.4602050467070283E-07    0.0000000000000000E+00    0.0000000000000000E+00    0.7812609858229802E+00    0.0000000000000000E+00    0.0000000000000000E+00
    0.4670762747424653E-01   -0.8706396478976998E+00    0.4983506034079646E+01    0.0000000000000000E+00   -0.1389157614788432E-07    0.0000000000000000E+00    0.0000000000000000E+00    0.7812609871191810E+00    0.0000000000000000E+00    0.0000000000000000E+00
    0.3844705236985941E-01   -0.8718239379480311E+00    0.4984468694557087E+01    0.0000000000000000E+00   -0.3793959929938536E-04    0.0000000000000000E+00    0.0000000000000000E+00    0.9059476189642650E+00    0.0000000000000000E+00    0.0000000000000000E+00
    0.3844627803318980E-01   -0.8718240214313533E+00    0.4984468704179823E+01    0.0000000000000000E+00   -0.5129610306729189E-05    0.0000000000000000E+00    0.0000000000000000E+00    0.9059495330017726E+00    0.0000000000000000E+00    0.0000000000000000E+00
    0.3844617770338265E-01   -0.8718240322360649E+00    0.4984468705425200E+01    0.0000000000000000E+00   -0.4921054875281939E-06    0.0000000000000000E+00    0.0000000000000000E+00    0.9059497810991927E+00    0.0000000000000000E+00    0.0000000000000000E+00
    0.3844616990200104E-01   -0.8718240330760779E+00    0.4984468705522022E+01    0.0000000000000000E+00   -0.1314952731624578E-06    0.0000000000000000E+00    0.0000000000000000E+00    0.9059498003916774E+00    0.0000000000000000E+00    0.0000000000000000E+00
    0.3844615689973260E-01   -0.8718240344760788E+00    0.4984468705683390E+01    0.0000000000000000E+00    0.0000000000000000E+00    0.0000000000000000E+00    0.0000000000000000E+00    0.9059498325458742E+00    0.0000000000000000E+00    0.0000000000000000E+00
    0.2560079829796662E-01   -0.8732152302984478E+00    0.4984620984345639E+01    0.0000000000000000E+00   -0.5081303941372470E-04    0.0000000000000000E+00    0.0000000000000000E+00    0.1023783723732978E+01    0.0000000000000000E+00    0.0000000000000000E+00
    0.2559933674575568E-01   -0.8732153360173234E+00    0.4984620905009930E+01    0.0000000000000000E+00    0.0000000000000000E+00    0.0000000000000000E+00    0.0000000000000000E+00    0.1023786776295121E+01    0.0000000000000000E+00    0.0000000000000000E+00
    0.2559902115732199E-01   -0.8732153587890432E+00    0.4984620887866639E+01    0.0000000000000000E+00   -0.5118571904747256E-06    0.0000000000000000E+00    0.0000000000000000E+00    0.1023787435811651E+01    0.0000000000000000E+00    0.0000000000000000E+00
    0.2559900643330743E-01   -0.8732153598514815E+00    0.4984620887066775E+01    0.0000000000000000E+00    0.0000000000000000E+00    0.0000000000000000E+00    0.0000000000000000E+00    0.1023787466581473E+01    0.0000000000000000E+00    0.0000000000000000E+00
    0.2559900325293113E-01   -0.8732153600809617E+00    0.4984620886894004E+01    0.0000000000000000E+00   -0.5158318737327266E-08    0.0000000000000000E+00    0.0000000000000000E+00    0.1023787473227771E+01    0.0000000000000000E+00    0.0000000000000000E+00
    0.2554681115821619E-01   -0.8732191260042681E+00    0.4984618051600131E+01    0.0000000000000000E+00   -0.1715949374729140E-03    0.0000000000000000E+00    0.0000000000000000E+00    0.1024173647027426E+01    0.0000000000000000E+00    0.0000000000000000E+00
    0.2549456407991911E-01   -0.8732229203854999E+00    0.4984615210690412E+01    0.0000000000000000E+00    0.2907324996739965E-04    0.0000000000000000E+00    0.0000000000000000E+00    0.1024558664359502E+01    0.0000000000000000E+00    0.0000000000000000E+00
    0.2549310317555690E-01   -0.8732230253350590E+00    0.4984615130871173E+01    0.0000000000000000E+00   -0.2390914474249348E-04    0.0000000000000000E+00    0.0000000000000000E+00    0.1024569417253208E+01    0.0000000000000000E+00    0.0000000000000000E+00
    0.2539934486912934E-01   -0.8732297684182357E+00    0.4984610007681345E+01    0.0000000000000000E+00    0.0000000000000000E+00    0.0000000000000000E+00    0.0000000000000000E+00    0.1025259088041104E+01    0.0000000000000000E+00    0.0000000000000000E+00
    0.2539933956780906E-01   -0.8732297687985427E+00    0.4984610007390348E+01    0.0000000000000000E+00   -0.1733269834291996E-07    0.0000000000000000E+00    0.0000000000000000E+00    0.1025259126858956E+01    0.0000000000000000E+00    0.0000000000000000E+00
    0.8251357009129125E-02   -0.8744610594893241E+00    0.4983698245601094E+01    0.0000000000000000E+00   -0.7817395558900973E-04    0.0000000000000000E+00    0.0000000000000000E+00    0.1204287855911824E+01    0.0000000000000000E+00    0.0000000000000000E+00
    0.8227236152290844E-02   -0.8744624972652091E+00    0.4983696877504753E+01    0.0000000000000000E+00    0.0000000000000000E+00    0.0000000000000000E+00    0.0000000000000000E+00    0.1204339780087715E+01    0.0000000000000000E+00    0.0000000000000000E+00
    0.8226831359747071E-02   -0.8744625212793148E+00    0.4983696854473864E+01    0.0000000000000000E+00   -0.7873616299587019E-06    0.0000000000000000E+00    0.0000000000000000E+00    0.1204340651722669E+01    0.0000000000000000E+00    0.0000000000000000E+00
    0.8226588485352779E-02   -0.8744625356879268E+00    0.4983696840654904E+01    0.0000000000000000E+00    0.0000000000000000E+00    0.0000000000000000E+00    0.0000000000000000E+00    0.1204341174693456E+01    0.0000000000000000E+00    0.0000000000000000E+00
    0.8226584406030623E-02   -0.8744625359299224E+00    0.4983696840422794E+01    0.0000000000000000E+00   -0.7934745358846328E-08    0.0000000000000000E+00    0.0000000000000000E+00    0.1204341183477307E+01    0.0000000000000000E+00    0.0000000000000000E+00
    0.8159640010193415E-02   -0.8744665072405833E+00    0.4983693031329428E+01    0.0000000000000000E+00   -0.1984390189946811E-03    0.0000000000000000E+00    0.0000000000000000E+00    0.1204702792149084E+01    0.0000000000000000E+00    0.0000000000000000E+00
    0.7970488772946363E-02   -0.8744778012426944E+00    0.4983682238220631E+01    0.0000000000000000E+00   -0.9855650444341674E-05    0.0000000000000000E+00    0.0000000000000000E+00    0.1205720897118145E+01    0.0000000000000000E+00    0.0000000000000000E+00
    0.7961828868779230E-02   -0.8744783109042731E+00    0.4983681737595051E+01    0.0000000000000000E+00    0.2328927561832134E-05    0.0000000000000000E+00    0.0000000000000000E+00    0.1205767282240059E+01    0.0000000000000000E+00    0.0000000000000000E+00
    0.7961683433313500E-02   -0.8744783194563891E+00    0.4983681729182176E+01    0.0000000000000000E+00   -0.1041831243880415E-05    0.0000000000000000E+00    0.0000000000000000E+00    0.1205768061080045E+01    0.0000000000000000E+00    0.0000000000000000E+00
    0.7960561229888493E-02   -0.8744783854557548E+00    0.4983681664268231E+01    0.0000000000000000E+00    0.5373752321812050E-06    0.0000000000000000E+00    0.0000000000000000E+00    0.1205774070573948E+01    0.0000000000000000E+00    0.0000000000000000E+00
